3.073636293411254883e-01
3.954772651195526123e-01
4.428333342075347900e-01
4.952272772789001465e-01
5.181288123130798340e-01
5.381969809532165527e-01
5.470303297042846680e-01
5.555605888366699219e-01
5.598636269569396973e-01
5.647500157356262207e-01
5.671514868736267090e-01
5.692878961563110352e-01
5.725606083869934082e-01
5.747802853584289551e-01
5.769166946411132812e-01
5.786439180374145508e-01
5.810075998306274414e-01
5.825757384300231934e-01
5.836742520332336426e-01
5.949848294258117676e-01
5.974772572517395020e-01
5.994697213172912598e-01
6.022348403930664062e-01
6.047727465629577637e-01
6.071060895919799805e-01
6.172045469284057617e-01
6.211818456649780273e-01
6.232954263687133789e-01
6.277045607566833496e-01
6.304848194122314453e-01
6.372802853584289551e-01
6.401287913322448730e-01
6.425833106040954590e-01
6.449545621871948242e-01
6.463106274604797363e-01
6.518257856369018555e-01
6.536969542503356934e-01
6.545833349227905273e-01
6.561439633369445801e-01
6.588106155395507812e-01
6.609848737716674805e-01
6.617954373359680176e-01
6.628030538558959961e-01
6.633712053298950195e-01
6.642878651618957520e-01
6.656439304351806641e-01
6.666969656944274902e-01
6.671742200851440430e-01
6.669999957084655762e-01
6.675378680229187012e-01
