1.817603230476379395e+00
1.525984287261962891e+00
1.432731628417968750e+00
1.329402327537536621e+00
1.266854166984558105e+00
1.221493005752563477e+00
1.196356177330017090e+00
1.172334313392639160e+00
1.159165143966674805e+00
1.146531343460083008e+00
1.137617468833923340e+00
1.131712913513183594e+00
1.122393369674682617e+00
1.116394162178039551e+00
1.112115383148193359e+00
1.106638431549072266e+00
1.102035522460937500e+00
1.095240473747253418e+00
1.095088005065917969e+00
1.066189408302307129e+00
1.060347557067871094e+00
1.056446075439453125e+00
1.050859928131103516e+00
1.047086954116821289e+00
1.041796684265136719e+00
1.020521044731140137e+00
1.012079477310180664e+00
1.005639910697937012e+00
9.996837377548217773e-01
9.938829541206359863e-01
9.786192178726196289e-01
9.717314243316650391e-01
9.679225087165832520e-01
9.624917507171630859e-01
9.590461850166320801e-01
9.470606446266174316e-01
9.425028562545776367e-01
9.405731558799743652e-01
9.372382760047912598e-01
9.337561726570129395e-01
9.278848171234130859e-01
9.259896278381347656e-01
9.250935912132263184e-01
9.224296808242797852e-01
9.209899902343750000e-01
9.176139235496520996e-01
9.167722463607788086e-01
9.155244827270507812e-01
9.150024652481079102e-01
9.136441946029663086e-01
