3.355075716972351074e-01
4.504621326923370361e-01
4.980909228324890137e-01
5.159772634506225586e-01
5.278863906860351562e-01
5.429317951202392578e-01
5.516818165779113770e-01
5.594317913055419922e-01
5.650227069854736328e-01
5.698560476303100586e-01
5.761060714721679688e-01
5.814697146415710449e-01
5.853030085563659668e-01
5.915530323982238770e-01
5.960378646850585938e-01
6.008787751197814941e-01
6.057651638984680176e-01
6.074772477149963379e-01
6.108182072639465332e-01
6.127045750617980957e-01
6.235075592994689941e-01
6.257651448249816895e-01
6.279469728469848633e-01
6.285530328750610352e-01
6.303105950355529785e-01
6.319318413734436035e-01
6.322954297065734863e-01
6.353409290313720703e-01
6.354696750640869141e-01
6.367803215980529785e-01
6.384242177009582520e-01
6.398409008979797363e-01
6.472954750061035156e-01
6.485984921455383301e-01
6.504545211791992188e-01
6.505075693130493164e-01
6.521666646003723145e-01
6.568711996078491211e-01
6.575151681900024414e-01
6.595227122306823730e-01
6.594393849372863770e-01
6.607727408409118652e-01
6.634166836738586426e-01
6.640757322311401367e-01
6.647197008132934570e-01
6.646060347557067871e-01
6.656742691993713379e-01
6.671590805053710938e-01
6.665833592414855957e-01
6.673030257225036621e-01
6.667196750640869141e-01
6.679317951202392578e-01
6.686969399452209473e-01
6.689545512199401855e-01
6.691136360168457031e-01
6.690530180931091309e-01
6.696439385414123535e-01
