1.759340047836303711e+00
1.437518000602722168e+00
1.297063708305358887e+00
1.250173926353454590e+00
1.224152803421020508e+00
1.195363879203796387e+00
1.176756739616394043e+00
1.157350659370422363e+00
1.144551157951354980e+00
1.131910324096679688e+00
1.122449636459350586e+00
1.115889549255371094e+00
1.115185499191284180e+00
1.103679060935974121e+00
1.096354246139526367e+00
1.087617993354797363e+00
1.081503272056579590e+00
1.074926614761352539e+00
1.069732069969177246e+00
1.065070033073425293e+00
1.041219949722290039e+00
1.035093784332275391e+00
1.031804442405700684e+00
1.028573393821716309e+00
1.025093078613281250e+00
1.020490884780883789e+00
1.020153641700744629e+00
1.013442754745483398e+00
1.012758970260620117e+00
1.008194804191589355e+00
1.004626154899597168e+00
1.000977635383605957e+00
9.828147292137145996e-01
9.783901572227478027e-01
9.748276472091674805e-01
9.730566740036010742e-01
9.693577885627746582e-01
9.581637382507324219e-01
9.545539617538452148e-01
9.515615701675415039e-01
9.502837061882019043e-01
9.473887085914611816e-01
9.417926669120788574e-01
9.384841322898864746e-01
9.382625222206115723e-01
9.374251365661621094e-01
9.349098801612854004e-01
9.317137598991394043e-01
9.314124584197998047e-01
9.305347800254821777e-01
9.299864172935485840e-01
9.290851950645446777e-01
9.270333647727966309e-01
9.262851476669311523e-01
9.266305565834045410e-01
9.261372089385986328e-01
9.264408946037292480e-01
